MeshAnim
1
30
69
30
1 0 0 0
0 -1.192093E-07 -1 0
0 1 -1.192093E-07 0
0 0 1.66 1

-0.001850843 -0.999985 -0.005176649 0
-0.3367357 0.005497582 -0.9415833 0
0.9415973 4.366946E-07 -0.3367408 0
0.0007123724 0.2712141 1.637861 1

-0.1326673 -0.9191212 -0.370966 0
-0.3095058 0.3939752 -0.8654421 0
0.9415973 2.860936E-07 -0.3367409 0
0.004255255 0.385482 1.647767 1

-0.1550939 -0.8938937 0.420595 0
-0.2859859 -0.3668912 -0.8852136 0
0.9455992 -0.2575755 -0.1987383 0
-0.1040313 0.249063 1.665903 1

0.4816882 0.01716872 0.8761746 0
-0.005855827 0.999849 -0.01637281 0
-0.8763231 0.00275586 0.481716 0
-0.05331924 0.2939672 1.486777 1

0.3080439 0.1726092 -0.9355828 0
0.05536404 -0.9849895 -0.1634956 0
-0.9497598 -0.001433812 -0.3129764 0
-0.3055312 0.5122359 2.100331 1

0.4988327 -0.4649656 0.7314186 0
0.2980538 0.8844727 0.3589879 0
-0.8138366 0.03892718 0.5797887 0
0.5373021 0.4718418 1.855721 1

-0.2916896 0.950951 0.1030022 0
0.2375465 -0.0322927 0.9708393 0
0.9265467 0.3076516 -0.2164756 0
0.09948411 0.2490634 1.59312 1

-0.09778066 -0.9569134 -0.2734155 0
-0.3222319 0.2903741 -0.901027 0
0.9415973 2.052668E-07 -0.336741 0
0.0136771 0.5026001 1.674113 1

-0.2421688 -0.9509997 -0.1922338 0
-0.1014409 0.2218631 -0.9697869 0
0.9649165 -0.2153518 -0.1501985 0
-0.1183108 0.1571883 1.712717 1

0.5493826 -0.4242737 0.7198408 0
-0.208294 -0.9038382 -0.3737516 0
0.8091924 0.05539406 -0.5849267 0
-0.1612764 0.2901193 1.290406 1

-0.2059227 0.8719208 0.4442412 0
0.2016778 -0.4064103 0.8911548 0
0.9575602 0.2731026 -0.09215787 0
0.1299006 0.149753 1.586132 1

0.4988327 -0.4649656 0.7314186 0
-0.2980538 -0.8844727 -0.3589879 0
0.8138366 -0.03892718 -0.5797887 0
0.5373021 0.4718418 1.855721 1

-0.07166717 -0.9770901 -0.2003968 0
-0.3290263 0.2128264 -0.9200254 0
0.9415973 2.052668E-07 -0.336741 0
0.02429923 0.6144154 1.703814 1

-0.005327429 -0.9999858 0.0004814854 0
0.07997023 -0.0009059489 -0.996797 0
0.9967829 -0.005271883 0.07997397 0
-0.1425008 0.05386854 1.697 1

0.5152095 -0.7246087 0.4577133 0
-0.4008785 -0.6757668 -0.6185756 0
0.7575326 0.1352086 -0.6386415 0
-0.2714158 0.375177 1.146094 1

-0.005243662 0.9999857 0.001059679 0
0.3610404 0.0009049429 0.93255 0
0.9325354 0.005272624 -0.36104 0
0.151801 0.05386802 1.543313 1

0.001408527 -0.9546204 -0.2978225 0
0.004513905 0.2978258 -0.9546097 0
0.9999887 2.35257E-07 0.004728669 0
0.04322335 0.7635551 1.75673 1

0.9967011 0.05530357 -0.05940215 0
-0.07699204 0.4127153 -0.9076005 0
-0.02567735 0.9091798 0.4156118 0
-0.05668194 0.6938585 1.79341 1

0.8083304 -0.05530286 -0.586126 0
0.5160224 -0.4127154 0.7505913 0
-0.283413 -0.9091798 -0.3050728 0
0.1437316 0.6938583 1.721736 1

0.09586333 0.007352629 -0.9953675 0
-0.002658166 0.9999712 0.007130505 0
0.995391 0.001962228 0.09588011 0
-0.1719642 0.03652538 1.815809 1

0.70113 -0.4609602 0.5439969 0
-0.2444844 -0.8720988 -0.4238765 0
0.6698091 0.1641937 -0.7241523 0
-0.3502935 0.4861134 1.076019 1

0.3758652 -0.00735354 0.9266453 0
-0.004581671 -0.9999712 -0.006076881 0
0.926663 -0.001961559 -0.375888 0
0.2139369 0.03652464 1.648778 1

0.001039892 -0.9816582 -0.1906469 0
0.004613187 0.1906496 -0.9816474 0
0.9999888 0.0001413306 0.004726896 0
0.04285255 0.9338789 1.835149 1

0.6778355 0.7232563 -0.1320592 0
-0.4353872 0.2501422 -0.8647932 0
-0.5924333 0.6436843 0.4844518 0
-0.2113835 0.6852746 1.80263 1

0.7654507 -0.6298171 -0.1319682 0
0.05280562 -0.1429107 0.9883261 0
-0.6413241 -0.7634837 -0.0761332 0
0.2691953 0.6852751 1.630762 1

0.6698091 0.1641937 -0.7241523 0
-0.7402528 0.07127752 -0.6685399 0
-0.05815437 0.9838496 0.1692871 0
-0.4815391 0.5724013 0.9741871 1

0.004622858 -0.2396671 -0.9708444 0
0.0009956625 0.9708552 -0.2396652 0
0.9999888 0.0001413306 0.004726896 0
0.04136103 0.9338589 2.150686 1

0.7655652 0.1234357 -0.631406 0
-0.5888259 -0.2609958 -0.7649609 0
-0.2592178 0.9574158 -0.1271273 0
-0.105948 1.083442 1.782362 1

0.9896886 0.13865 0.03595489 0
0.004579627 0.2202603 -0.9754305 0
-0.1431628 0.9655371 0.2173542 0
-0.06005075 1.129517 1.789752 1

0.3596219 -0.6552335 0.6643353 0
0.003424163 -0.7110355 -0.7031477 0
0.9330918 0.2551422 -0.2534604 0
-0.04392856 1.103152 1.746871 1

0.7595968 -0.1232202 0.6386154 0
-0.596105 0.2608284 0.75936 0
-0.2601375 -0.9574893 0.1246723 0
0.1921029 1.083483 1.78377 1

0.9900234 -0.1383701 -0.02659694 0
-0.004579597 -0.2202604 0.9754306 0
-0.1408287 -0.9655771 -0.2186966 0
0.146125 1.129544 1.790726 1

0.365701 0.6553361 -0.6609066 0
-0.003424178 0.7110355 0.7031478 0
0.9307261 -0.2548787 0.2622703 0
0.1304165 1.103178 1.747695 1

-0.38842 0.05793675 -0.9196594 0
-0.3189283 -0.9447927 0.07517987 0
-0.8645315 0.3225068 0.385454 0
-0.3555821 0.5328913 1.82876 1

0.6694277 0.7278854 -0.1484917 0
-0.448207 0.2363339 -0.8621236 0
-0.5924333 0.6436843 0.4844518 0
-0.3170087 0.6798937 1.851939 1

0.3357547 -0.2148369 0.9171229 0
-0.2831407 0.9055972 0.3157935 0
-0.8983876 -0.3657039 0.2432294 0
0.4309074 0.5524233 1.600819 1

0.7663169 -0.6324225 -0.1131372 0
0.03823008 -0.1308998 0.9906583 0
-0.6413241 -0.7634837 -0.0761332 0
0.3850865 0.6972852 1.624283 1

0.9999889 0.0001413522 0.004727015 0
0.00363321 0.6168444 -0.7870771 0
-0.003027071 0.7870853 0.6168373 0
0.04109944 0.9474217 2.205626 1

0.7655652 0.1234357 -0.631406 0
-0.5888259 -0.2609958 -0.7649609 0
-0.2592178 0.9574158 -0.1271273 0
-0.1970104 1.176478 1.674705 1

0.1403522 -0.8885978 -0.4366866 0
-0.02859717 0.4372301 -0.8988951 0
0.9896886 0.13865 0.03595489 0
-0.07419795 1.22493 1.811231 1

0.3593416 -0.6328063 0.6858792 0
0.01460534 -0.7310671 -0.6821496 0
0.9330918 0.2551422 -0.2534604 0
-0.12935 1.258791 1.58907 1

0.7595968 -0.1232202 0.6386154 0
-0.596105 0.2608284 0.75936 0
-0.2601375 -0.9574893 0.1246723 0
0.2841526 1.176545 1.676979 1

0.1359666 0.8886371 0.4379929 0
-0.03696997 -0.4372394 0.8985853 0
0.9900234 -0.1383701 -0.02659694 0
0.1600416 1.224959 1.812337 1

0.3656306 0.6329088 -0.6824522 0
0.007949336 0.7310701 0.6822562 0
0.9307261 -0.2548787 0.2622703 0
0.217282 1.258842 1.590709 1

0.3103893 0.1761272 -0.9341509 0
0.9491313 -0.002636079 0.3148697 0
0.05299447 -0.984364 -0.167986 0
-0.2820249 0.5266864 1.998622 1

0.4999452 -0.4682224 0.7285761 0
0.8135902 -0.03444497 -0.5804178 0
0.2968603 0.8829393 0.3637204 0
0.4915963 0.5169744 1.772174 1

0.9896886 0.13865 0.03595489 0
0.004579626 0.2202603 -0.9754305 0
-0.1431628 0.9655371 0.2173542 0
-0.09068854 1.329336 1.862539 1

0.9330918 0.2551422 -0.2534604 0
-0.2973242 0.1507757 -0.9427969 0
-0.2023315 0.9550756 0.2165473 0
-0.2162919 1.411897 1.423123 1

0.9900234 -0.1383701 -0.02659694 0
-0.004579657 -0.2202604 0.9754305 0
-0.1408287 -0.9655771 -0.2186966 0
0.1760167 1.329369 1.863799 1

0.9307261 -0.2548787 0.2622703 0
-0.306181 -0.150861 0.9399438 0
-0.2000053 -0.9551325 -0.2184493 0
0.3057449 1.411972 1.425591 1

-0.6886904 0.2814332 -0.6682074 0
-0.1812952 -0.9591613 -0.2171238 0
-0.7020243 -0.02838817 0.7115873 0
-0.2776083 0.5737883 2.059395 1

-0.6818556 0.1504855 -0.7158402 0
0.7183939 -0.04656155 -0.6940766 0
-0.1377791 -0.9875153 -0.07635964 0
-0.3479491 0.5524667 2.096086 1

-0.7402083 0.0726084 -0.6684461 0
0.667533 0.1984844 -0.7176377 0
0.08056936 -0.977411 -0.1953882 0
-0.3462777 0.4969736 2.088481 1

-0.562591 -0.3892903 0.7293455 0
0.05078416 0.8642606 0.5004749 0
-0.8251744 0.3186018 -0.4664552 0
0.5129932 0.5454631 1.840453 1

-0.414843 -0.2106635 0.8851704 0
0.9031399 -0.2136384 0.3724205 0
0.1106509 0.9539287 0.2788849 0
0.5845001 0.5057364 1.848019 1

-0.4612713 -0.2003183 0.8643506 0
0.8245447 -0.4565303 0.3342248 0
0.3276508 0.8668638 0.3757556 0
0.5694923 0.4552694 1.828837 1

0.3782762 0.9164213 -0.1306908 0
-0.4817628 0.07434085 -0.8731428 0
-0.7904506 0.3932511 0.4696189 0
-0.2483993 0.5618521 2.087735 1

-0.9307274 -0.02945033 0.3645262 0
-0.3651801 0.02100063 -0.9307001 0
0.01975393 -0.9993458 -0.03030053 0
-0.3041034 0.5398001 2.135577 1

-0.941963 -0.1100243 0.317176 0
-0.3281704 0.1025755 -0.9390329 0
0.07078177 -0.988622 -0.132729 0
-0.305249 0.4929785 2.128667 1

0.1577426 -0.9787977 -0.1306614 0
-0.3018243 -0.1737758 0.9373924 0
-0.9402233 -0.1084298 -0.3228368 0
0.4891327 0.5289526 1.871386 1

-0.964092 0.2630324 -0.03661844 0
-0.08250149 -0.165579 0.9827397 0
0.2524291 0.9504725 0.1813338 0
0.5549726 0.4907881 1.898488 1

-0.9500544 0.3111912 0.02359479 0
-0.07866873 -0.3119627 0.9468321 0
0.3020063 0.8976855 0.3208625 0
0.5450196 0.4432782 1.879547 1

0.4027299 0.9145959 0.03638826 0
-0.4054589 0.2138976 -0.8887357 0
-0.8206168 0.3431664 0.4569737 0
-0.2662145 0.5185225 2.09425 1

-0.9388582 -0.07441445 0.3361666 0
-0.3337416 -0.04329632 -0.9416699 0
0.08462853 -0.9962873 0.01581398 0
-0.2671323 0.539813 2.121725 1

-0.9421698 -0.1233787 0.311599 0
-0.3262808 0.125368 -0.9369226 0
0.07653156 -0.9844089 -0.158374 0
-0.2639733 0.500071 2.117631 1

0.1481967 -0.9437542 -0.2955779 0
-0.260928 -0.3256008 0.9087912 0
-0.9539154 -0.05755531 -0.2945047 0
0.4965911 0.4826116 1.865545 1

-0.9535233 0.30132 -0.0003617867 0
-0.03558514 -0.1114163 0.9931367 0
0.2992114 0.9469916 0.1169605 0
0.5165926 0.4999856 1.897434 1

-0.9460583 0.3224337 0.03178708 0
-0.08205955 -0.3333653 0.9392201 0
0.3134329 0.8859485 0.3418417 0
0.5046135 0.458301 1.883732 1

1 0 0 0
0 -1.192093E-07 -1 0
0 1 -1.192093E-07 0
0 0 1.66 1

-0.001852751 -0.9999821 -0.005744145 0
-0.336714 0.006032549 -0.9415878 0
0.9416053 0.0001896219 -0.3367191 0
0.0007671323 0.2701232 1.637911 1

-0.1328269 -0.9186984 -0.3719555 0
-0.3094135 0.3949607 -0.8650259 0
0.9416053 0.0001894278 -0.336719 0
0.004310017 0.3843855 1.647882 1

-0.1543061 -0.8897688 0.4295366 0
-0.285406 -0.3760692 -0.8815417 0
0.9459034 -0.2586195 -0.1959156 0
-0.1039773 0.2479565 1.665938 1

0.4816417 0.02068632 0.8761242 0
-0.007222899 0.9997814 -0.01963525 0
-0.8763385 0.003128981 0.4816858 0
-0.05326094 0.2929623 1.486839 1

0.3105925 0.1726339 -0.9347353 0
0.05545534 -0.9849856 -0.1634879 0
-0.9489243 -0.001058025 -0.3155025 0
-0.3059881 0.5111703 2.100296 1

0.4970633 -0.4677859 0.7308246 0
0.2992207 0.8829855 0.3616688 0
-0.8144907 0.03890555 0.5788707 0
0.5371525 0.4698472 1.85548 1

-0.294609 0.9514767 0.08887049 0
0.2411157 -0.01597719 0.970365 0
0.9246994 0.3073063 -0.2247089 0
0.09953988 0.2479978 1.59316 1

-0.09813774 -0.9564312 -0.2749714 0
-0.3221005 0.2919593 -0.9005619 0
0.9416053 0.0001893469 -0.336719 0
0.01375268 0.5014736 1.674354 1

-0.2441661 -0.9486322 -0.2011976 0
-0.09802835 0.2305596 -0.968108 0
0.964766 -0.216656 -0.1492877 0
-0.1181766 0.1565434 1.713671 1

0.5502553 -0.4198067 0.7217906 0
-0.2063866 -0.9059819 -0.3695972 0
0.8090882 0.05440494 -0.5851636 0
-0.1612077 0.288326 1.290479 1

-0.20096 0.8661274 0.4576447 0
0.2100398 -0.4182127 0.8837318 0
0.956817 0.2737183 -0.09787727 0
0.1302747 0.1486925 1.587648 1

0.4970633 -0.4677859 0.7308246 0
-0.2992207 -0.8829855 -0.3616688 0
0.8144907 -0.03890555 -0.5788707 0
0.5371525 0.4698472 1.85548 1

-0.07203359 -0.9767364 -0.2019849 0
-0.3289239 0.2144451 -0.9196862 0
0.9416053 0.0001893469 -0.336719 0
0.02441659 0.6132365 1.704237 1

-0.005561335 -0.9999847 0.0005186974 0
0.08035083 -0.000963872 -0.9967664 0
0.9967513 -0.005501631 0.08035492 0
-0.1425986 0.05343027 1.696986 1

0.5167192 -0.7214143 0.4610455 0
-0.3994437 -0.6794429 -0.6154693 0
0.7572622 0.1338632 -0.6392454 0
-0.271522 0.3724881 1.145776 1

-0.003199093 0.9999949 0.0005201335 0
0.3607741 0.000668988 0.9326532 0
0.9326479 0.003171349 -0.3607745 0
0.151688 0.05336571 1.543361 1

0.001042343 -0.9539862 -0.29985 0
0.004654041 0.2998516 -0.9539748 0
0.9999887 -0.000401095 0.00475243 0
0.04339612 0.7622828 1.757395 1

0.9967235 0.0550217 -0.05928934 0
-0.07681392 0.4142179 -0.9069309 0
-0.02534212 0.9085137 0.4170871 0
-0.05653651 0.6925648 1.79396 1

0.8083229 -0.05465811 -0.586197 0
0.5158482 -0.4141298 0.7499315 0
-0.2837512 -0.9085757 -0.3065552 0
0.1438787 0.6926049 1.722291 1

0.09624526 0.007290995 -0.9953311 0
-0.002427147 0.9999723 0.007090217 0
0.9953547 0.001733515 0.0962603 0
-0.1721115 0.03609865 1.815785 1

0.7019507 -0.4575047 0.5458522 0
-0.2430152 -0.8742623 -0.4202496 0
0.6694841 0.1623441 -0.7248694 0
-0.3506308 0.4829354 1.075191 1

0.3755837 -0.007622972 0.9267574 0
-0.006624809 -0.9999629 -0.005540235 0
0.9267649 -0.004058735 -0.3756202 0
0.2137581 0.03595209 1.648853 1

0.0006604994 -0.9812515 -0.192732 0
0.00471165 0.192733 -0.98124 0
0.9999887 -0.000259938 0.004750588 0
0.04309004 0.9324399 1.836176 1

0.6798554 0.7217262 -0.1300329 0
-0.4338816 0.2529097 -0.8647449 0
-0.5912222 0.6443204 0.4850857 0
-0.2112416 0.6840246 1.803162 1

0.7649982 -0.6298659 -0.1343394 0
0.05338769 -0.1458525 0.9878649 0
-0.6418159 -0.762887 -0.07794984 0
0.2693413 0.6841218 1.631305 1

0.6694841 0.1623441 -0.7248695 0
-0.7404178 0.06732086 -0.6687671 0
-0.05977159 0.9844354 0.1652728 0
-0.4820301 0.5685765 0.9730119 1

0.004555006 -0.2360404 -0.9717329 0
0.00137392 0.9717437 -0.2360365 0
0.9999887 -0.000259938 0.004750588 0
0.04159085 0.9317501 2.151712 1

0.7648835 0.1272418 -0.631477 0
-0.5888565 -0.2593119 -0.7655101 0
-0.2611543 0.9573753 -0.1234161 0
-0.1056507 1.082173 1.783703 1

0.9896407 0.138872 0.03641801 0
0.004544771 0.2232342 -0.9747545 0
-0.1434958 0.9648222 0.2202905 0
-0.05973561 1.128214 1.791192 1

0.3600762 -0.6553639 0.6639606 0
0.003761034 -0.7106739 -0.7035119 0
0.9329154 0.2558151 -0.2534318 0
-0.04362272 1.101934 1.748255 1

0.758783 -0.1276379 0.6387153 0
-0.5959682 0.2596199 0.7598814 0
-0.2628129 -0.9572392 0.120927 0
0.1924002 1.082095 1.785119 1

0.9898698 -0.1393863 -0.02701409 0
-0.004832722 -0.2232342 0.9747533 0
-0.1418979 -0.9647481 -0.2216463 0
0.1464401 1.128159 1.792171 1

0.3667089 0.655175 -0.6605079 0
-0.002553693 0.7106735 0.7035177 0
0.9303324 -0.2562995 0.2622835 0
0.1307223 1.10189 1.749084 1

-0.3889916 0.05891497 -0.9193559 0
-0.3197306 -0.9445557 0.0747523 0
-0.8639782 0.3230242 0.3862609 0
-0.3558641 0.5319706 1.828864 1

0.6714758 0.7264081 -0.1464647 0
-0.4467401 0.23913 -0.8621139 0
-0.5912222 0.6443204 0.4850857 0
-0.3169289 0.6788276 1.852357 1

0.3352925 -0.217581 0.9166449 0
-0.2823221 0.9050469 0.3180964 0
-0.8988178 -0.3654443 0.2420275 0
0.4309566 0.5512656 1.600862 1

0.7658756 -0.6325274 -0.1155168 0
0.0388207 -0.1338402 0.9902424 0
-0.6418159 -0.762887 -0.07794987 0
0.385235 0.6960841 1.624784 1

0.9999889 -0.0002598939 0.004750677 0
0.003889231 0.6197793 -0.784767 0
-0.00274041 0.7847767 0.6197734 0
0.04133309 0.9451078 2.206703 1

0.7641314 0.1300051 -0.6318246 0
-0.5888032 -0.2594837 -0.765493 0
-0.2634662 0.9569575 -0.1217322 0
-0.1969678 1.175429 1.676453 1

0.1413689 -0.8871129 -0.4393708 0
-0.02778119 0.4400983 -0.8975201 0
0.9895672 0.1390876 0.03757112 0
-0.07391573 1.223557 1.812961 1

0.3604914 -0.6314908 0.686488 0
0.01555485 -0.7318007 -0.6813415 0
0.9326329 0.256296 -0.2539851 0
-0.1291521 1.257604 1.590544 1

0.7580262 -0.1304009 0.6390559 0
-0.5959147 0.2597918 0.7598648 0
-0.2651084 -0.95682 0.1192211 0
0.2847806 1.175303 1.678741 1

0.1376492 0.8870401 0.4406963 0
-0.03653605 -0.4400817 0.8972148 0
0.9898071 -0.139602 -0.02816789 0
0.1604623 1.223491 1.814074 1

0.3673257 0.6313016 -0.6830304 0
0.009461247 0.7317942 0.6814603 0
0.9300444 -0.2567801 0.262834 0
0.2178273 1.257516 1.592193 1

0.3129108 0.1763685 -0.933264 0
0.9482912 -0.002969031 0.3173883 0
0.05320631 -0.9843202 -0.1681778 0
-0.2821972 0.5255833 1.998672 1

0.4979385 -0.4707075 0.7283488 0
0.8144566 -0.03463642 -0.5791906 0
0.2978565 0.88161 0.3661239 0
0.4915638 0.5153061 1.772139 1

0.9894651 0.1397734 0.03771734 0
0.005462482 0.2242973 -0.9745056 0
-0.1446698 0.9644455 0.2211708 0
-0.09052578 1.327788 1.864585 1

0.9329828 0.2567892 -0.252196 0
-0.2961919 0.1496914 -0.9433258 0
-0.2044842 0.954805 0.2157182 0
-0.2163722 1.410392 1.42445 1

0.989706 -0.1402877 -0.02831491 0
-0.003913204 -0.2242978 0.9745131 0
-0.1430633 -0.9643706 -0.2225378 0
0.1766352 1.327714 1.865853 1

0.930411 -0.2572736 0.2610482 0
-0.3052189 -0.149535 0.9404686 0
-0.2029218 -0.9546991 -0.2176537 0
0.3067002 1.410257 1.426935 1

-0.6868464 0.2818234 -0.6699388 0
-0.1809461 -0.9590448 -0.2179291 0
-0.7039184 -0.02846094 0.7097109 0
-0.2779309 0.5726637 2.059472 1

-0.6799164 0.15089 -0.7175974 0
0.7202236 -0.04649862 -0.6921822 0
-0.1378106 -0.987457 -0.07705949 0
-0.348374 0.5513464 2.095968 1

-0.7384133 0.07301086 -0.6703848 0
0.669484 0.1985674 -0.7157953 0
0.08085554 -0.9773644 -0.1955043 0
-0.3466956 0.4958554 2.08835 1

-0.5644547 -0.3898725 0.7275926 0
0.05152846 0.8630738 0.5024436 0
-0.8238547 0.3210984 -0.4670758 0
0.5129021 0.5436073 1.840515 1

-0.4166373 -0.2118514 0.8840438 0
0.9021585 -0.2160699 0.3733957 0
0.1119106 0.9531181 0.2811463 0
0.5843256 0.5037359 1.848108 1

-0.4630136 -0.2013775 0.8631721 0
0.8231901 -0.4587367 0.3345435 0
0.3285989 0.8654529 0.3781732 0
0.5692583 0.453338 1.828791 1

0.3788399 0.9163752 -0.1293756 0
-0.4794246 0.07475082 -0.8743941 0
-0.7916014 0.3932813 0.4676512 0
-0.2488001 0.5607109 2.087886 1

-0.9316992 -0.02935114 0.3620434 0
-0.3627021 0.0214021 -0.9316596 0
0.01959674 -0.9993406 -0.03058617 0
-0.3046363 0.5386561 2.135572 1

-0.9428281 -0.1099065 0.3146362 0
-0.3256512 0.102971 -0.9398666 0
0.07089883 -0.9885941 -0.1328751 0
-0.3057747 0.491837 2.128644 1

0.1562002 -0.9787918 -0.1325487 0
-0.3036366 -0.1752806 0.9365268 0
-0.9398974 -0.106039 -0.3245754 0
0.4889625 0.5270721 1.871374 1

-0.9635602 0.2648399 -0.03758404 0
-0.08437227 -0.1675759 0.9822425 0
0.2538384 0.9496206 0.1838147 0
0.5546906 0.4887304 1.898497 1

-0.949533 0.3128418 0.02275672 0
-0.08074406 -0.3138876 0.9460209 0
0.3030977 0.8964405 0.3233066 0
0.544683 0.4412799 1.879436 1

0.4028494 0.9144876 0.03776708 0
-0.4030463 0.2142946 -0.8897369 0
-0.8217459 0.343208 0.4549089 0
-0.2666428 0.5173834 2.094338 1

-0.9397652 -0.0743038 0.333647 0
-0.33125 -0.04289864 -0.9425676 0
0.08434925 -0.9963132 0.01570144 0
-0.2676286 0.5386647 2.121818 1

-0.9430234 -0.123259 0.3090541 0
-0.3237616 0.1257624 -0.9377435 0
0.07671771 -0.9843738 -0.1585032 0
-0.2644681 0.4989234 2.11772 1

0.1469814 -0.9433711 -0.2974032 0
-0.2629661 -0.3271158 0.9076589 0
-0.9535439 -0.05520185 -0.2961541 0
0.4963474 0.4807306 1.865443 1

-0.9529811 0.3030293 -0.001226945 0
-0.03737575 -0.1135203 0.9928328 0
0.3007178 0.9461964 0.1195086 0
0.5163288 0.4979991 1.897402 1

-0.9455298 0.3240594 0.03098003 0
-0.08416086 -0.3352674 0.9383567 0
0.3144694 0.8846369 0.3442784 0
0.5042971 0.456366 1.883589 1

1 0 0 0
0 -1.192093E-07 -1 0
0 1 -1.192093E-07 0
0 0 1.66 1

-0.001860976 -0.9999754 -0.006785081 0
-0.3366747 0.00701549 -0.941595 0
0.9416193 0.0005320506 -0.3366794 0
0.0007564146 0.2680697 1.637904 1

-0.133121 -0.9179227 -0.3737608 0
-0.3092443 0.3967596 -0.8642628 0
0.9416193 0.0005318564 -0.3366794 0
0.004299852 0.3823215 1.647994 1

-0.1501456 -0.878664 0.4532175 0
-0.2839689 -0.4007708 -0.8710595 0
0.9470047 -0.2594856 -0.1893393 0
-0.1039893 0.2458747 1.665904 1

0.4815386 0.02759237 0.8759907 0
-0.009880707 0.999612 -0.02605446 0
-0.8763695 0.003890863 0.4816243 0
-0.05326518 0.2910664 1.486853 1

0.3153405 0.1727696 -0.9331191 0
0.05563614 -0.9849624 -0.1635667 0
-0.9473464 -0.0003359248 -0.3202108 0
-0.3069492 0.5091366 2.100131 1

0.4938196 -0.4730081 0.7296615 0
0.3013037 0.8802047 0.3666827 0
-0.8156951 0.03877459 0.5771813 0
0.536765 0.4661075 1.854943 1

-0.3043364 0.9508785 0.05665761 0
0.2467683 0.02125231 0.9688418 0
0.9200462 0.3088351 -0.2411144 0
0.09953083 0.24599 1.593134 1

-0.09879564 -0.9555399 -0.2778193 0
-0.3218583 0.2948624 -0.8997021 0
0.9416193 0.0005317756 -0.3366794 0
0.01378088 0.4993543 1.674695 1

-0.247098 -0.942894 -0.2233694 0
-0.09017067 0.2518921 -0.9635456 0
0.964786 -0.2179487 -0.1472634 0
-0.1177602 0.1557063 1.716067 1

0.5518609 -0.4113319 0.725435 0
-0.2028101 -0.9099744 -0.3616844 0
0.8088993 0.05247388 -0.5856013 0
-0.1611888 0.2848824 1.290524 1

-0.1913605 0.8506359 0.4896944 0
0.2270437 -0.4470203 0.865231 0
0.9548992 0.276753 -0.1075893 0
0.1313022 0.1468815 1.590981 1

0.4938196 -0.4730081 0.7296615 0
-0.3013037 -0.8802047 -0.3666827 0
0.8156951 -0.03877459 -0.5771813 0
0.536765 0.4661075 1.854943 1

-0.07270879 -0.9760804 -0.2048925 0
-0.3287351 0.2174103 -0.9190573 0
0.9416193 0.0005317756 -0.3366794 0
0.02452176 0.6110203 1.704912 1

-0.005704036 -0.9999816 0.002169665 0
0.0811067 -0.002625357 -0.9967021 0
0.9966891 -0.005509196 0.08112015 0
-0.1425373 0.05309474 1.696986 1

0.5195224 -0.7153317 0.4673299 0
-0.3967419 -0.6863481 -0.6095268 0
0.7567647 0.1312533 -0.640375 0
-0.271825 0.3673455 1.14509 1

-0.003539901 0.9999941 0.0001888615 0
0.3590951 0.001094951 0.9333007 0
0.9332943 0.003371524 -0.3590967 0
0.1517784 0.05305996 1.543177 1

0.0003598426 -0.9528072 -0.303577 0
0.004925575 0.303575 -0.9527951 0
0.9999878 -0.001152453 0.004802428 0
0.04360339 0.7598946 1.758514 1

0.9967643 0.05449982 -0.05908616 0
-0.07648624 0.4169677 -0.9056976 0
-0.0247233 0.9072865 0.419787 0
-0.05637956 0.690138 1.794867 1

0.8083088 -0.05348014 -0.5863248 0
0.515527 -0.4167199 0.7487169 0
-0.2843746 -0.9074607 -0.3092679 0
0.1440387 0.6902511 1.723206 1

0.09700119 0.005629677 -0.9952685 0
-0.002290272 0.999983 0.005433084 0
0.9952818 0.001752431 0.09701246 0
-0.1721427 0.03596399 1.815791 1

0.7033167 -0.4515501 0.5490431 0
-0.240687 -0.8779896 -0.4137691 0
0.6688915 0.158863 -0.7261866 0
-0.3513629 0.4768616 1.073543 1

0.373918 -0.007193933 0.9274343 0
-0.006274986 -0.9999671 -0.005226595 0
0.9274405 -0.003865456 -0.3739506 0
0.2136645 0.03570177 1.648786 1

-4.781876E-05 -0.9804909 -0.1965665 0
0.00490621 0.1965638 -0.9804789 0
0.999988 -0.001011283 0.004801151 0
0.04341765 0.9297425 1.837959 1

0.683423 0.7190053 -0.1263528 0
-0.4311722 0.2578906 -0.8646291 0
-0.5890874 0.6453872 0.4862634 0
-0.2110909 0.6816788 1.804038 1

0.7641608 -0.6298996 -0.1388714 0
0.05457484 -0.1513854 0.9869673 0
-0.6427129 -0.7617807 -0.08130617 0
0.269499 0.6819507 1.632201 1

0.6688915 0.158863 -0.7261866 0
-0.7407458 0.06058381 -0.6690482 0
-0.06229179 0.9854406 0.1582013 0
-0.483018 0.561388 0.9707664 1

0.004441717 -0.2290879 -0.9733958 0
0.00208424 0.9734056 -0.2290806 0
0.999988 -0.001011283 0.004801151 0
0.04190081 0.9278201 2.15349 1

0.7635761 0.1344327 -0.631569 0
-0.5888989 -0.2562065 -0.7665224 0
-0.2648578 0.9572285 -0.1164659 0
-0.1052106 1.079789 1.786064 1

0.9895473 0.1393059 0.03728515 0
0.004484932 0.2286952 -0.9734879 0
-0.1441395 0.9634796 0.2256799 0
-0.05926211 1.125766 1.793736 1

0.3609397 -0.6556095 0.6632488 0
0.004353854 -0.7099984 -0.70419 0
0.932579 0.2570578 -0.2534122 0
-0.04316611 1.099643 1.750697 1

0.7572032 -0.1359708 0.6388706 0
-0.5957126 0.2574045 0.7608349 0
-0.2678995 -0.9566899 0.1139079 0
0.1928402 1.079486 1.787495 1

0.989576 -0.1413073 -0.02778308 0
-0.0053253 -0.2286943 0.9734839 0
-0.1439142 -0.9631883 -0.2270629 0
0.1469135 1.125556 1.794725 1

0.3686168 0.6548717 -0.6597463 0
-0.0009720003 0.7099952 0.7042063 0
0.929581 -0.258941 0.2623527 0
0.1311788 1.099468 1.751535 1

-0.3898942 0.06080472 -0.9188503 0
-0.321148 -0.9441501 0.07379322 0
-0.8630452 0.3238584 0.3876459 0
-0.3564621 0.5302103 1.828961 1

0.6750944 0.7237825 -0.1427831 0
-0.4440991 0.2441618 -0.8620682 0
-0.5890874 0.6453872 0.4862634 0
-0.3168882 0.6768034 1.853029 1

0.3346764 -0.2228568 0.915602 0
-0.2808461 0.9038889 0.3226624 0
-0.8995095 -0.3651307 0.2399217 0
0.4309348 0.5490989 1.600802 1

0.765061 -0.6326662 -0.1200649 0
0.04002351 -0.1393715 0.9894311 0
-0.6427129 -0.7617807 -0.0813062 0
0.3853962 0.6938296 1.625588 1

0.9999881 -0.001011261 0.00480124 0
0.004378802 0.6253728 -0.7803141 0
-0.002213503 0.7803258 0.6253699 0
0.04164942 0.9407845 2.208575 1

0.7613416 0.1424724 -0.6325034 0
-0.5887371 -0.2566984 -0.7664823 0
-0.2715651 0.955933 -0.1115563 0
-0.1970131 1.173443 1.679579 1

0.1433109 -0.8843442 -0.4442949 0
-0.02628846 0.4453689 -0.8949613 0
0.9893286 0.1399376 0.04057827 0
-0.07350583 1.220976 1.816037 1

0.3626729 -0.629074 0.6875571 0
0.01725638 -0.7331285 -0.6798714 0
0.9317569 0.2584357 -0.2550302 0
-0.1289006 1.255371 1.593155 1

0.7549437 -0.144006 0.6397834 0
-0.5955494 0.257896 0.7607964 0
-0.2745568 -0.9553809 0.1089343 0
0.2858502 1.172954 1.681897 1

0.1408265 0.8840568 0.4456592 0
-0.03578142 -0.4453062 0.8946633 0
0.9893875 -0.1419386 -0.03107805 0
0.1611349 1.220735 1.817163 1

0.3705296 0.6283326 -0.6840369 0
0.01221021 0.7330988 0.6800129 0
0.9287405 -0.2603171 0.2639628 0
0.2187369 1.255022 1.594825 1

0.3175553 0.1769263 -0.9315881 0
0.946721 -0.003563557 0.3220366 0
0.05365679 -0.9842183 -0.1686315 0
-0.2826214 0.5234711 1.998681 1

0.4945129 -0.4753319 0.7276793 0
0.8159271 -0.03464653 -0.5771158 0
0.2995329 0.8791246 0.3707031 0
0.491435 0.512157 1.771907 1

0.989028 0.1419236 0.041005 0
0.007079412 0.2317171 -0.9727576 0
-0.1475588 0.962375 0.22817 0
-0.09034404 1.324882 1.86824 1

0.9327245 0.2598951 -0.2499596 0
-0.294206 0.1476989 -0.9442608 0
-0.2084898 0.9542748 0.2142251 0
-0.2166484 1.407574 1.426802 1

0.989087 -0.143924 -0.03150776 0
-0.002729965 -0.2317215 0.9727784 0
-0.1473072 -0.9620768 -0.2295857 0
0.1776811 1.324607 1.869526 1

0.929754 -0.2617786 0.2589016 0
-0.3035574 -0.1470944 0.9413908 0
-0.2083528 -0.9538532 -0.2162265 0
0.3083851 1.407045 1.429323 1

-0.6834426 0.2825736 -0.6730964 0
-0.1802389 -0.9588168 -0.2195131 0
-0.7074045 -0.0287062 0.7062264 0
-0.2786356 0.5705056 2.059536 1

-0.6763287 0.1516722 -0.720816 0
0.7235951 -0.04627236 -0.6886725 0
-0.1378063 -0.9873479 -0.07845414 0
-0.3492652 0.549189 2.09567 1

-0.735086 0.07378123 -0.6739476 0
0.6730651 0.1988303 -0.7123559 0
0.08144255 -0.9772534 -0.195817 0
-0.3475705 0.4937028 2.088019 1

-0.5676236 -0.3912532 0.7243789 0
0.05277818 0.8607578 0.5062717 0
-0.821595 0.3256031 -0.4679367 0
0.5126724 0.5401006 1.840461 1

-0.4196938 -0.214354 0.881992 0
0.9004734 -0.2204147 0.3749202 0
0.1140382 0.9515621 0.2855267 0
0.5839534 0.4999795 1.848078 1

-0.4659808 -0.2036497 0.8610396 0
0.8208744 -0.4626713 0.334815 0
0.330193 0.8628226 0.3827666 0
0.5687857 0.4497107 1.828505 1

0.379819 0.9163235 -0.1268472 0
-0.4750985 0.07556994 -0.876682 0
-0.7937379 0.3932455 0.4640466 0
-0.2496492 0.558521 2.088083 1

-0.9334765 -0.02925642 0.3574445 0
-0.3581165 0.02221801 -0.9334128 0
0.01936652 -0.9993257 -0.03121747 0
-0.3057272 0.536453 2.135478 1

-0.9444034 -0.1097731 0.3099247 0
-0.3209947 0.1037787 -0.9413783 0
0.07117427 -0.9885247 -0.1332456 0
-0.3068494 0.4896395 2.12851 1

0.1535862 -0.9786885 -0.1363116 0
-0.3067264 -0.1783527 0.9349385 0
-0.9393245 -0.1017831 -0.327582 0
0.4885983 0.5235068 1.871184 1

-0.9626442 0.2679367 -0.03907129 0
-0.08756554 -0.1715125 0.981283 0
0.2562203 0.9480475 0.1885675 0
0.5541351 0.4848493 1.898321 1

-0.9486362 0.3156374 0.02151244 0
-0.08428297 -0.3176784 0.9444455 0
0.3049361 0.8941218 0.3279641 0
0.5440356 0.4375114 1.879031 1

0.4030071 0.9143053 0.04040999 0
-0.3985928 0.2150956 -0.8915483 0
-0.8238386 0.343193 0.45112 0
-0.2675399 0.5151957 2.094416 1

-0.9414201 -0.07418545 0.3289762 0
-0.3266357 -0.04208687 -0.944213 0
0.08389222 -0.9963568 0.01538958 0
-0.2686524 0.5364575 2.121906 1

-0.9445762 -0.1231215 0.304332 0
-0.319107 0.1265677 -0.9392294 0
0.07712049 -0.984288 -0.1588418 0
-0.265487 0.4967179 2.117795 1

0.1449256 -0.9425358 -0.3010375 0
-0.2664388 -0.3301866 0.9055318 0
-0.9528941 -0.05102646 -0.2989807 0
0.4958584 0.4771688 1.865075 1

-0.9520483 0.3059379 -0.002522417 0
-0.04043407 -0.1176463 0.9922324 0
0.3032644 0.944755 0.1243752 0
0.5158048 0.4942396 1.897162 1

-0.9446214 0.3268074 0.02979425 0
-0.08774386 -0.3390148 0.9366807 0
0.3162146 0.8821942 0.3489159 0
0.5036846 0.4527028 1.883138 1

1 0 0 0
0 -1.192093E-07 -1 0
0 1 -1.192093E-07 0
0 0 1.66 1

-0.001874208 -0.9999646 -0.008225189 0
-0.3366194 0.008376069 -0.9416037 0
0.9416389 0.001003941 -0.3366231 0
0.0007289741 0.2651855 1.638027 1

-0.1335288 -0.9168435 -0.3762559 0
-0.3090083 0.3992462 -0.8632014 0
0.9416389 0.001003931 -0.3366231 0
0.004273377 0.3794226 1.648282 1

-0.1439146 -0.861654 0.4866634 0
-0.2841239 -0.4350995 -0.8543783 0
0.9479253 -0.2612303 -0.1821993 0
-0.1040187 0.2429517 1.665989 1

0.4813564 0.03746642 0.875724 0
-0.01366405 0.9992856 -0.03524215 0
-0.8764184 0.004998159 0.4815244 0
-0.05328345 0.2884005 1.487007 1

0.3219748 0.1729876 -0.9308103 0
0.05588849 -0.984924 -0.1637122 0
-0.9450973 0.0006896448 -0.3267886 0
-0.308307 0.5062436 2.100037 1

0.489294 -0.4802659 0.7279671 0
0.304149 0.8762747 0.3736796 0
-0.8173646 0.0385714 0.5748284 0
0.5362124 0.4608484 1.854328 1

-0.3184299 0.9478545 0.01322647 0
0.2499291 0.0704878 0.9656954 0
0.9144058 0.3108119 -0.2593417 0
0.09950572 0.2431689 1.593232 1

-0.09970954 -0.9542889 -0.2817644 0
-0.3215185 0.2988849 -0.8984954 0
0.9416389 0.00100385 -0.3366231 0
0.01380761 0.4963781 1.675301 1

-0.2535599 -0.9329002 -0.2557439 0
-0.08146333 0.2840388 -0.955346 0
0.9638834 -0.2214037 -0.148018 0
-0.11714 0.1546765 1.719577 1

0.5540546 -0.3993216 0.7304561 0
-0.1977672 -0.9154626 -0.3504523 0
0.808648 0.0497094 -0.586189 0
-0.1611663 0.2800034 1.290737 1

-0.1771766 0.8276014 0.5326208 0
0.2478803 -0.4862114 0.8379467 0
0.9524515 0.2804907 -0.1190007 0
0.1327596 0.1445529 1.595601 1

0.489294 -0.4802659 0.7279671 0
-0.304149 -0.8762747 -0.3736796 0
0.8173646 -0.0385714 -0.5748284 0
0.5362124 0.4608484 1.854328 1

-0.07364696 -0.9751556 -0.2089216 0
-0.3284695 0.22152 -0.9181705 0
0.9416389 0.00100385 -0.3366231 0
0.02465543 0.6079081 1.705978 1

-0.006762345 -0.9999753 0.00207382 0
0.07987689 -0.002607442 -0.9968014 0
0.9967819 -0.006575085 0.0798925 0
-0.1426561 0.05296321 1.696983 1

0.523412 -0.7066508 0.4761144 0
-0.3929059 -0.6959769 -0.6010337 0
0.7560853 0.12752 -0.6419298 0
-0.2722422 0.3600587 1.144297 1

-0.00546365 0.9999855 0.0003311718 0
0.3610945 0.001664119 0.9325281 0
0.9325133 0.005214498 -0.3610982 0
0.1518282 0.05298959 1.543069 1

-0.0005902912 -0.9511434 -0.3087498 0
0.005314235 0.3087425 -0.951131 0
0.9999858 -0.002202261 0.004872399 0
0.04387883 0.7565412 1.760195 1

0.9968202 0.05377275 -0.05880639 0
-0.07602745 0.4207748 -0.9039739 0
-0.02386492 0.9055703 0.423525 0
-0.05617409 0.6867326 1.796255 1

0.8082908 -0.05184767 -0.5864963 0
0.5150771 -0.4203069 0.7470193 0
-0.2852395 -0.9058998 -0.3130246 0
0.1442483 0.6869461 1.724606 1

0.09578188 0.005630521 -0.9953866 0
-0.001222576 0.9999842 0.00553884 0
0.9954016 0.0006863836 0.09578723 0
-0.1721334 0.0358515 1.815823 1

0.7050767 -0.4436049 0.5532466 0
-0.2377532 -0.8828983 -0.4049256 0
0.6680871 0.1539674 -0.7279792 0
-0.3523757 0.4682457 1.071404 1

0.3759207 -0.006595429 0.9266288 0
-0.004362021 -0.9999767 -0.005347835 0
0.9266416 -0.0020317 -0.3759406 0
0.2139741 0.03573674 1.648543 1

-0.001035045 -0.9794077 -0.2018914 0
0.005187976 0.2018835 -0.979396 0
0.999986 -0.002061178 0.004872248 0
0.04386038 0.9259549 1.840562 1

0.6883473 0.7151768 -0.1212451 0
-0.4273649 0.2647834 -0.8644359 0
-0.5861205 0.6468481 0.4879044 0
-0.2108941 0.6783864 1.805382 1

0.7629925 -0.6297553 -0.1457772 0
0.05665505 -0.1595005 0.9855708 0
-0.6439197 -0.7602422 -0.08601888 0
0.2697059 0.6788992 1.633574 1

0.6680871 0.1539674 -0.7279792 0
-0.7412002 0.05166779 -0.6692927 0
-0.06543621 0.9867245 0.1486393 0
-0.4843602 0.5512849 0.967841 1

0.004301697 -0.2192684 -0.9756554 0
0.003079242 0.9756627 -0.2192565 0
0.999986 -0.002061178 0.004872248 0
0.0423156 0.9223198 2.156078 1

0.761708 0.1445406 -0.6315924 0
-0.5889449 -0.2518833 -0.7679186 0
-0.270083 0.9569031 -0.1067351 0
-0.1046099 1.076433 1.789472 1

0.9894136 0.1399207 0.03851205 0
0.004407687 0.2362781 -0.9716756 0
-0.1450571 0.9615591 0.23316 0
-0.05861507 1.122321 1.797397 1

0.3621547 -0.6559401 0.6622591 0
0.005175842 -0.7090625 -0.7051271 0
0.9321037 0.2587928 -0.2533952 0
-0.04254229 1.096416 1.754218 1

0.7549152 -0.1476665 0.6389821 0
-0.5953565 0.2543243 0.7621484 0
-0.2750524 -0.9557796 0.104079 0
0.1934402 1.075818 1.790924 1

0.9891567 -0.1439988 -0.0288719 0
-0.006034804 -0.2362749 0.9716679 0
-0.1467407 -0.9609575 -0.2345818 0
0.1475601 1.121894 1.798401 1

0.3712915 0.6544284 -0.6586855 0
0.001227513 0.7090492 0.7051584 0
0.9285156 -0.2626279 0.2624607 0
0.1318022 1.096057 1.755068 1

-0.391077 0.06349005 -0.9181657 0
-0.3231668 -0.9435688 0.07240073 0
-0.8617553 0.325035 0.3895258 0
-0.3572984 0.5277414 1.829226 1

0.6800902 0.7200859 -0.1376727 0
-0.4403863 0.2511262 -0.8619721 0
-0.5861205 0.6468481 0.4879044 0
-0.3168414 0.6739598 1.854091 1

0.3344057 -0.2307277 0.9137493 0
-0.2787264 0.9019808 0.3297619 0
-0.9002691 -0.3649601 0.2373176 0
0.4308904 0.5460947 1.600718 1

0.7639324 -0.6326764 -0.1269962 0
0.04212565 -0.1474879 0.9881665 0
-0.6439197 -0.7602422 -0.08601891 0
0.3856032 0.6906784 1.626789 1

0.9999861 -0.002061142 0.004872308 0
0.005076041 0.6332023 -0.7739702 0
-0.001489954 0.7739841 0.6332041 0
0.04207221 0.9347283 2.211291 1

0.7572722 0.1600163 -0.6331932 0
-0.5886216 -0.2528215 -0.7678581 0
-0.2829546 0.9541891 -0.09726563 0
-0.1970961 1.170628 1.68406 1

0.1460578 -0.8804356 -0.451111 0
-0.02420984 0.4526835 -0.8913428 0
0.98898 0.1411089 0.04480275 0
-0.07294948 1.217342 1.820438 1

0.3657306 -0.6256821 0.6890306 0
0.01962811 -0.73497 -0.6778159 0
0.9305136 0.2614225 -0.2565201 0
-0.1285654 1.252222 1.596911 1

0.7504004 -0.1631237 0.6405392 0
-0.5950288 0.2552612 0.7620912 0
-0.28782 -0.9530127 0.09448469 0
0.2873367 1.169629 1.68642 1

0.1452832 0.879835 0.4525305 0
-0.03476005 -0.452562 0.8910556 0
0.9887795 -0.1451853 -0.03516656 0
0.1620609 1.216853 1.821582 1

0.3750035 0.6241554 -0.6854218 0
0.01605189 0.7348964 0.6779898 0
0.9268844 -0.2652509 0.2655699 0
0.2199958 1.251506 1.59861 1

0.323969 0.1774304 -0.9292807 0
0.9445135 -0.004379989 0.3284433 0
0.05420551 -0.9841238 -0.1690044 0
-0.2832291 0.5205021 1.998825 1

0.4902025 -0.4820506 0.7261741 0
0.8176735 -0.03419179 -0.5746664 0
0.3018472 0.8754764 0.3773991 0
0.4913506 0.5076863 1.771515 1

0.98839 0.1449197 0.04564852 0
0.009323157 0.2420266 -0.9702249 0
-0.1516529 0.9593863 0.2378656 0
-0.09011044 1.320788 1.873441 1

0.9323136 0.2642742 -0.2468818 0
-0.2914644 0.1449234 -0.9455401 0
-0.2141028 0.9534974 0.2121406 0
-0.2170531 1.403604 1.430202 1

0.9881822 -0.1489937 -0.03601808 0
-0.001129161 -0.2420437 0.9702651 0
-0.1532814 -0.9587578 -0.2393514 0
0.1791307 1.320229 1.874752 1

0.9287664 -0.2681102 0.2559496 0
-0.301259 -0.1437017 0.9426521 0
-0.2159542 -0.9526108 -0.2142359 0
0.3107263 1.402518 1.432773 1

-0.6786937 0.2834925 -0.6775007 0
-0.1793245 -0.958542 -0.221451 0
-0.7121923 -0.02880495 0.7013934 0
-0.2796276 0.5674886 2.059741 1

-0.6713352 0.1526227 -0.7252691 0
0.7282182 -0.04619655 -0.6837867 0
-0.1378662 -0.9872045 -0.08012917 0
-0.3505132 0.5461878 2.09538 1

-0.7304559 0.07473239 -0.6788588 0
0.6779977 0.1989542 -0.7076277 0
0.08217908 -0.9771553 -0.1959955 0
-0.3488002 0.4907065 2.087699 1

-0.5715703 -0.3936574 0.7199594 0
0.05457624 0.8572267 0.51204 0
-0.8187363 0.3319596 -0.4684805 0
0.5124747 0.5350973 1.840318 1

-0.4234491 -0.2183867 0.8792034 0
0.8983427 -0.2264884 0.3764093 0
0.1169263 0.9492161 0.2920925 0
0.5835683 0.4946395 1.847905 1

-0.4696235 -0.2073593 0.8581704 0
0.8179017 -0.468155 0.3344666 0
0.3324016 0.8589725 0.389456 0
0.5682629 0.4445609 1.827956 1

0.3812221 0.9161869 -0.1235804 0
-0.4690992 0.07651485 -0.8798248 0
-0.7966278 0.3933801 0.4589516 0
-0.2508426 0.555465 2.088476 1

-0.9358951 -0.02895675 0.3510869 0
-0.3517676 0.02313439 -0.9358017 0
0.01897558 -0.9993132 -0.03183727 0
-0.3072539 0.5333956 2.135473 1

-0.946548 -0.109431 0.3034336 0
-0.3145435 0.1046783 -0.9434538 0
0.07148024 -0.9884673 -0.1335037 0
-0.308357 0.4865881 2.128463 1

0.1500949 -0.9783943 -0.1421856 0
-0.3105123 -0.1831877 0.9327513 0
-0.9386447 -0.09585066 -0.3312986 0
0.4882333 0.5184016 1.870853 1

-0.9614249 0.2720761 -0.04046218 0
-0.09147917 -0.1775355 0.9798537 0
0.259411 0.945757 0.1955763 0
0.5535245 0.4793037 1.897951 1

-0.9474244 0.3193248 0.02047635 0
-0.0886636 -0.3234708 0.9420753 0
0.3074511 0.8907295 0.3347766 0
0.543298 0.4321336 1.87832 1

0.4032745 0.9140293 0.04382857 0
-0.3924105 0.216005 -0.8940673 0
-0.8266704 0.3433558 0.4457836 0
-0.2688019 0.5121459 2.094655 1

-0.9436727 -0.07385942 0.3225316 0
-0.3202531 -0.04118152 -0.9464368 0
0.08318558 -0.9964185 0.0152082 0
-0.270088 0.5333877 2.122153 1

-0.946691 -0.122775 0.2978299 0
-0.3126566 0.1274645 -0.9412752 0
0.07760232 -0.984215 -0.1590559 0
-0.2669187 0.4936494 2.118032 1

0.1421213 -0.9411365 -0.3066998 0
-0.2707395 -0.3349889 0.9024872 0
-0.952104 -0.04522673 -0.3024116 0
0.495327 0.4720753 1.864467 1

-0.9507965 0.3097958 -0.003632103 0
-0.04416773 -0.1239326 0.9913074 0
0.3066522 0.9426917 0.1315176 0
0.5152364 0.4888562 1.896728 1

-0.943392 0.3304243 0.02884405 0
-0.09218475 -0.3447419 0.9341603 0
0.3186126 0.87862 0.3556868 0
0.5029951 0.4474609 1.882395 1

1 0 0 0
0 -1.192093E-07 -1 0
0 1 -1.192093E-07 0
0 0 1.66 1

-0.001891375 -0.9999484 -0.009990797 0
-0.336551 0.01004452 -0.9416118 0
0.9416633 0.00158145 -0.3365526 0
0.0007050987 0.261626 1.63822 1

-0.1340299 -0.9155095 -0.3793135 0
-0.3087169 0.4022938 -0.8618897 0
0.9416633 0.00158144 -0.3365526 0
0.004250788 0.3758448 1.648678 1

-0.1366933 -0.8400325 0.5250339 0
-0.2829755 -0.4748125 -0.8333536 0
0.9493365 -0.2624856 -0.172805 0
-0.104045 0.2393447 1.666136 1

0.4810694 0.04988661 0.8752621 0
-0.01840641 0.9987345 -0.04680746 0
-0.8764892 0.00640722 0.4813788 0
-0.05329597 0.2851085 1.487238 1

0.3301782 0.1732588 -0.9278814 0
0.05619332 -0.9848745 -0.163905 0
-0.9422444 0.001977173 -0.3349201 0
-0.3099814 0.5026235 2.099965 1

0.4836785 -0.4891903 0.7257742 0
0.3076005 0.8713344 0.382307 0
-0.8194126 0.03833482 0.5719209 0
0.5355396 0.4543187 1.853607 1

-0.3340152 0.9419816 -0.03324294 0
0.2481154 0.121894 0.9610313 0
0.9093253 0.3127509 -0.2744345 0
0.09948469 0.2396868 1.593394 1

-0.1008356 -0.9527257 -0.2866115 0
-0.3210953 0.303828 -0.8969874 0
0.9416634 0.001581297 -0.3365524 0
0.01385045 0.4927042 1.676086 1

-0.2586451 -0.9198368 -0.2949631 0
-0.06857737 0.3220682 -0.9442297 0
0.9635351 -0.2239926 -0.1463814 0
-0.116418 0.1534626 1.723647 1

0.556686 -0.384243 0.7365177 0
-0.1914603 -0.9220747 -0.3363358 0
0.8083587 0.04621959 -0.5868732 0
-0.1611145 0.2739278 1.291072 1

-0.1616627 0.7998011 0.5780864 0
0.2639375 -0.5294092 0.8062651 0
0.9508954 0.2829216 -0.1255117 0
0.1343577 0.1418677 1.600593 1

0.4836785 -0.4891903 0.7257742 0
-0.3076005 -0.8713344 -0.382307 0
0.8194126 -0.03833482 -0.5719209 0
0.5355396 0.4543187 1.853607 1

-0.07480331 -0.9739932 -0.2138738 0
-0.3281379 0.2265724 -0.9170554 0
0.9416634 0.001581297 -0.3365524 0
0.02483003 0.6040638 1.70733 1

-0.006469853 -0.9999786 0.001050662 0
0.08207911 -0.00157827 -0.9966247 0
0.9966048 -0.006361858 0.08208753 0
-0.1425467 0.05294688 1.696795 1

0.528176 -0.6956493 0.4869317 0
-0.3880657 -0.7078081 -0.5902654 0
0.7552716 0.1228026 -0.6438047 0
-0.272718 0.3509602 1.143416 1

-0.005431079 0.9999819 0.002705321 0
0.3610747 -0.0005618489 0.9325371 0
0.9325212 0.006041409 -0.3610649 0
0.1518501 0.05305386 1.543033 1

-0.001761489 -0.9490519 -0.3151152 0
0.005804463 0.3151007 -0.9490407 0
0.9999816 -0.003500808 0.004953657 0
0.04422808 0.7523967 1.762302 1

0.9968882 0.0528725 -0.05846775 0
-0.07545732 0.4254492 -0.9018312 0
-0.02280708 0.9034367 0.4281148 0
-0.05591117 0.6825262 1.798 1

0.8082697 -0.04984089 -0.5866993 0
0.5145187 -0.424712 0.7449095 0
-0.286305 -0.9039557 -0.3176377 0
0.1445164 0.6828626 1.726366 1

0.09797855 0.006662978 -0.9951664 0
-0.001531819 0.9999776 0.006544272 0
0.9951875 0.000883128 0.09798651 0
-0.1722814 0.03570659 1.815552 1

0.7070807 -0.4341813 0.5581432 0
-0.2344694 -0.8886062 -0.3942128 0
0.6671291 0.1478727 -0.7301182 0
-0.3535808 0.4574629 1.068867 1

0.3759007 -0.008807812 0.9266185 0
-0.004394514 -0.9999609 -0.007722127 0
0.9266496 -0.001169336 -0.3759246 0
0.2139932 0.03554857 1.648467 1

-0.002253197 -0.978031 -0.2084485 0
0.005545553 0.2084337 -0.978021 0
0.9999821 -0.003359655 0.004954113 0
